0 108
0.1 105
0.2 160
0.3 19
0.4 4
0.5 231
0.6 156
0.7 105
0.8 48
0.9 151
1 221
1.1 113
1.2 193
1.3 219
1.4 120
1.5 97
1.6 241
1.7 233
1.8 192
1.9 240
2 156
2.1 87
2.2 90
2.3 279
2.4 203
2.5 288
2.6 222
2.7 279
2.8 275
2.9 272
3 236
3.1 142
3.2 72
3.3 48
3.4 120
3.5 13
3.6 193
3.7 186
3.8 89
3.9 99
4 194
4.1 35
4.2 186
4.3 1
4.4 297
4.5 77
4.6 17
4.7 275
4.8 1
4.9 71
5 182
5.1 32
5.2 283
5.3 167
5.4 149
5.5 93
5.6 88
5.7 217
5.8 29
5.9 117
6 184
6.1 48
6.2 205
6.3 220
6.4 223
6.5 287
6.6 103
6.7 289
6.8 86
6.9 122
7 123
7.1 132
7.2 80
7.3 94
7.4 194
7.5 267
7.6 272
7.7 111
7.8 113
7.9 33
8 290
8.1 24
8.2 123
8.3 280
8.4 219
8.5 187
8.6 208
8.7 165
8.8 76
8.9 69
9 156
9.1 268
9.2 165
9.3 157
9.4 276
9.5 42
9.6 102
9.7 205
9.8 103
9.9 25
10 289
10.1 281
10.2 87
10.3 187
10.4 64
10.5 155
10.6 271
10.7 211
10.8 13
10.9 176
11 84
11.1 47
11.2 243
11.3 201
11.4 23
11.5 183
11.6 73
11.7 159
11.8 201
11.9 61
12 227
12.1 157
12.2 203
12.3 217
12.4 119
12.5 252
12.6 278
12.7 94
12.8 195
12.9 244
13 69
13.1 126
13.2 111
13.3 66
13.4 264
13.5 262
13.6 207
13.7 137
13.8 72
13.9 260
14 127
14.1 88
14.2 1
14.3 36
14.4 42
14.5 230
14.6 151
14.7 74
14.8 248
14.9 145
15 270
15.1 238
15.2 90
15.3 167
15.4 8
15.5 182
15.6 69
15.7 278
15.8 135
15.9 71
16 197
16.1 164
16.2 212
16.3 238
16.4 108
16.5 159
16.6 140
16.7 182
16.8 276
16.9 104
17 296
17.1 31
17.2 206
17.3 124
17.4 159
17.5 212
17.6 164
17.7 262
17.8 179
17.9 295
18 172
18.1 283
18.2 151
18.3 27
18.4 294
18.5 125
18.6 59
18.7 161
18.8 287
18.9 74
19 276
19.1 168
19.2 265
19.3 295
19.4 62
19.5 66
19.6 276
19.7 162
19.8 195
19.9 159
20 19
20.1 11
20.2 258
20.3 36
20.4 252
20.5 90
20.6 30
20.7 211
20.8 106
20.9 270
21 202
21.1 34
21.2 153
21.3 143
21.4 157
21.5 85
21.6 56
21.7 291
21.8 27
21.9 206
22 105
22.1 250
22.2 65
22.3 200
22.4 262
22.5 165
22.6 236
22.7 22
22.8 75
22.9 73
23 130
23.1 185
23.2 263
23.3 26
23.4 103
23.5 52
23.6 290
23.7 101
23.8 95
23.9 113
24 267
24.1 191
24.2 183
24.3 25
24.4 14
24.5 242
24.6 216
24.7 93
24.8 237
24.9 203
25 193
25.1 215
25.2 115
25.3 93
25.4 231
25.5 28
25.6 193
25.7 100
25.8 185
25.9 119
26 0
26.1 231
26.2 163
26.3 99
26.4 13
26.5 90
26.6 134
26.7 127
26.8 102
26.9 142
27 22
27.1 17
27.2 53
27.3 212
27.4 22
27.5 248
27.6 271
27.7 187
27.8 128
27.9 164
28 107
28.1 69
28.2 23
28.3 190
28.4 75
28.5 224
28.6 238
28.7 63
28.8 115
28.9 253
29 246
29.1 162
29.2 263
29.3 221
29.4 84
29.5 280
29.6 146
29.7 62
29.8 44
29.9 246
30 92
30.1 273
30.2 34
30.3 183
30.4 98
30.5 97
30.6 253
30.7 285
30.8 53
30.9 143
31 212
31.1 226
31.2 97
31.3 66
31.4 217
31.5 55
31.6 199
31.7 116
31.8 113
31.9 4
32 288
32.1 281
32.2 179
32.3 47
32.4 212
32.5 3
32.6 32
32.7 9
32.8 39
32.9 46
33 79
33.1 89
33.2 255
33.3 73
33.4 41
33.5 63
33.6 289
33.7 34
33.8 180
33.9 71
34 263
34.1 296
34.2 266
34.3 43
34.4 102
34.5 296
34.6 258
34.7 8
34.8 52
34.9 91
35 63
35.1 57
35.2 294
35.3 114
35.4 257
35.5 17
35.6 53
35.7 124
35.8 251
35.9 174
36 281
36.1 295
36.2 39
36.3 189
36.4 118
36.5 283
36.6 149
36.7 195
36.8 283
36.9 207
37 108
37.1 255
37.2 117
37.3 114
37.4 107
37.5 33
37.6 256
37.7 70
37.8 252
37.9 15
38 288
38.1 236
38.2 58
38.3 288
38.4 225
38.5 46
38.6 53
38.7 118
38.8 270
38.9 140
39 177
39.1 31
39.2 274
39.3 44
39.4 14
39.5 138
39.6 9
39.7 253
39.8 126
39.9 47
40 83
40.1 236
40.2 294
40.3 216
40.4 248
40.5 268
40.6 175
40.7 151
40.8 211
40.9 123
41 141
41.1 0
41.2 220
41.3 215
41.4 34
41.5 206
41.6 211
41.7 194
41.8 202
41.9 211
42 106
42.1 31
42.2 135
42.3 251
42.4 207
42.5 87
42.6 221
42.7 116
42.8 152
42.9 170
43 88
43.1 208
43.2 149
43.3 6
43.4 1
43.5 217
43.6 238
43.7 216
43.8 292
43.9 1
44 15
44.1 228
44.2 229
44.3 88
44.4 184
44.5 153
44.6 63
44.7 39
44.8 72
44.9 15
45 101
45.1 121
45.2 194
45.3 9
45.4 243
45.5 15
45.6 225
45.7 47
45.8 121
45.9 151
46 256
46.1 33
46.2 27
46.3 113
46.4 46
46.5 8
46.6 192
46.7 207
46.8 201
46.9 106
47 181
47.1 70
47.2 159
47.3 32
47.4 91
47.5 269
47.6 78
47.7 106
47.8 230
47.9 176
48 250
48.1 12
48.2 281
48.3 40
48.4 19
48.5 8
48.6 60
48.7 261
48.8 108
48.9 7
49 221
49.1 24
49.2 10
49.3 183
49.4 135
49.5 272
49.6 299
49.7 36
49.8 132
49.9 274
50 214
50.1 161
50.2 235
50.3 253
50.4 231
50.5 108
50.6 243
50.7 231
50.8 32
50.9 285
51 15
51.1 287
51.2 65
51.3 156
51.4 168
51.5 142
51.6 188
51.7 65
51.8 66
51.9 66
52 28
52.1 257
52.2 277
52.3 88
52.4 48
52.5 61
52.6 141
52.7 276
52.8 44
52.9 51
53 256
53.1 67
53.2 230
53.3 187
53.4 161
53.5 186
53.6 126
53.7 98
53.8 167
53.9 138
54 189
54.1 278
54.2 88
54.3 127
54.4 180
54.5 152
54.6 158
54.7 285
54.8 227
54.9 262
55 271
55.1 89
55.2 113
55.3 215
55.4 111
55.5 173
55.6 34
55.7 134
55.8 161
55.9 39
56 212
56.1 39
56.2 19
56.3 291
56.4 23
56.5 6
56.6 156
56.7 9
56.8 273
56.9 198
57 160
57.1 158
57.2 128
57.3 236
57.4 4
57.5 51
57.6 4
57.7 185
57.8 187
57.9 169
58 31
58.1 46
58.2 269
58.3 215
58.4 89
58.5 5
58.6 197
58.7 173
58.8 7
58.9 72
59 98
59.1 179
59.2 109
59.3 98
59.4 158
59.5 8
59.6 3
59.7 67
59.8 112
59.9 269
60 7
60.1 241
60.2 104
60.3 157
60.4 146
60.5 118
60.6 115
60.7 25
60.8 77
60.9 142
61 119
61.1 128
61.2 285
61.3 56
61.4 187
61.5 83
61.6 10
61.7 15
61.8 79
61.9 165
62 120
62.1 141
62.2 272
62.3 27
62.4 260
62.5 23
62.6 293
62.7 252
62.8 90
62.9 14
63 168
63.1 276
63.2 287
63.3 298
63.4 51
63.5 57
63.6 217
63.7 217
63.8 104
63.9 88
64 151
64.1 146
64.2 190
64.3 88
64.4 223
64.5 44
64.6 150
64.7 40
64.8 248
64.9 62
65 81
65.1 212
65.2 131
65.3 20
65.4 70
65.5 74
65.6 142
65.7 280
65.8 187
65.9 236
66 203
66.1 272
66.2 25
66.3 125
66.4 45
66.5 131
66.6 185
66.7 218
66.8 147
66.9 191
67 28
67.1 204
67.2 164
67.3 47
67.4 124
67.5 291
67.6 17
67.7 274
67.8 119
67.9 69
68 211
68.1 129
68.2 32
68.3 241
68.4 78
68.5 168
68.6 82
68.7 44
68.8 168
68.9 60
69 52
69.1 219
69.2 171
69.3 154
69.4 116
69.5 296
69.6 107
69.7 254
69.8 271
69.9 263
70 177
70.1 223
70.2 21
70.3 223
70.4 203
70.5 285
70.6 246
70.7 49
70.8 38
70.9 130
71 146
71.1 175
71.2 113
71.3 229
71.4 293
71.5 245
71.6 243
71.7 143
71.8 51
71.9 277
72 184
72.1 26
72.2 108
72.3 229
72.4 192
72.5 202
72.6 22
72.7 171
72.8 146
72.9 85
73 110
73.1 258
73.2 74
73.3 62
73.4 141
73.5 65
73.6 237
73.7 104
73.8 263
73.9 238
74 69
74.1 232
74.2 271
74.3 28
74.4 136
74.5 228
74.6 44
74.7 19
74.8 112
74.9 31
75 265
75.1 206
75.2 61
75.3 256
75.4 55
75.5 31
75.6 161
75.7 13
75.8 271
75.9 31
76 53
76.1 129
76.2 91
76.3 195
76.4 236
76.5 281
76.6 253
76.7 293
76.8 292
76.9 71
77 244
77.1 3
77.2 146
77.3 116
77.4 185
77.5 141
77.6 152
77.7 132
77.8 163
77.9 179
78 27
78.1 169
78.2 271
78.3 11
78.4 60
78.5 278
78.6 220
78.7 16
78.8 240
78.9 32
79 87
79.1 190
79.2 208
79.3 123
79.4 298
79.5 276
79.6 99
79.7 182
79.8 165
79.9 203
80 35
80.1 168
80.2 46
80.3 101
80.4 275
80.5 256
80.6 227
80.7 31
80.8 15
80.9 247
81 194
81.1 76
81.2 210
81.3 66
81.4 239
81.5 28
81.6 20
81.7 88
81.8 182
81.9 30
82 238
82.1 245
82.2 113
82.3 141
82.4 59
82.5 35
82.6 245
82.7 99
82.8 167
82.9 204
83 29
83.1 171
83.2 103
83.3 33
83.4 7
83.5 252
83.6 276
83.7 237
83.8 119
83.9 256
84 234
84.1 87
84.2 74
84.3 94
84.4 198
84.5 76
84.6 17
84.7 184
84.8 145
84.9 269
85 74
85.1 60
85.2 292
85.3 4
85.4 267
85.5 94
85.6 297
85.7 91
85.8 172
85.9 22
86 105
86.1 150
86.2 93
86.3 43
86.4 241
86.5 24
86.6 220
86.7 139
86.8 57
86.9 72
87 38
87.1 207
87.2 58
87.3 98
87.4 191
87.5 102
87.6 26
87.7 247
87.8 114
87.9 289
88 201
88.1 162
88.2 181
88.3 30
88.4 62
88.5 293
88.6 50
88.7 149
88.8 38
88.9 127
89 99
89.1 113
89.2 176
89.3 249
89.4 85
89.5 232
89.6 188
89.7 68
89.8 112
89.9 225
90 44
90.1 33
90.2 139
90.3 118
90.4 176
90.5 158
90.6 53
90.7 269
90.8 227
90.9 130
91 257
91.1 195
91.2 153
91.3 203
91.4 117
91.5 32
91.6 253
91.7 120
91.8 58
91.9 194
92 183
92.1 159
92.2 114
92.3 68
92.4 211
92.5 123
92.6 29
92.7 149
92.8 157
92.9 43
93 138
93.1 120
93.2 127
93.3 297
93.4 24
93.5 14
93.6 81
93.7 100
93.8 19
93.9 97
94 126
94.1 66
94.2 19
94.3 267
94.4 54
94.5 241
94.6 65
94.7 258
94.8 246
94.9 262
95 249
95.1 189
95.2 88
95.3 3
95.4 296
95.5 54
95.6 192
95.7 86
95.8 182
95.9 106
96 57
96.1 203
96.2 157
96.3 231
96.4 195
96.5 207
96.6 36
96.7 173
96.8 144
96.9 115
97 57
97.1 186
97.2 268
97.3 227
97.4 249
97.5 185
97.6 11
97.7 61
97.8 189
97.9 248
98 21
98.1 166
98.2 255
98.3 147
98.4 237
98.5 98
98.6 191
98.7 209
98.8 230
98.9 158
99 73
99.1 257
99.2 219
99.3 38
99.4 228
99.5 205
99.6 194
99.7 120
99.8 264
99.9 44
100 19
100.1 177
100.2 240
100.3 10
100.4 78
100.5 103
100.6 268
100.7 18
100.8 45
100.9 54
101 74
101.1 191
101.2 248
101.3 169
101.4 11
101.5 12
101.6 228
101.7 198
101.8 32
101.9 282
102 135
102.1 216
102.2 76
102.3 258
102.4 264
102.5 205
102.6 103
102.7 95
102.8 61
102.9 180
103 31
103.1 275
103.2 66
103.3 2
103.4 84
103.5 63
103.6 130
103.7 221
103.8 76
103.9 253
104 87
104.1 66
104.2 149
104.3 83
104.4 167
104.5 196
104.6 225
104.7 84
104.8 152
104.9 287
105 169
105.1 4
105.2 247
105.3 158
105.4 27
105.5 142
105.6 283
105.7 163
105.8 170
105.9 18
106 85
106.1 173
106.2 259
106.3 260
106.4 50
106.5 93
106.6 100
106.7 283
106.8 146
106.9 269
107 66
107.1 17
107.2 10
107.3 64
107.4 45
107.5 230
107.6 248
107.7 5
107.8 269
107.9 48
108 150
108.1 13
108.2 47
108.3 48
108.4 176
108.5 45
108.6 160
108.7 161
108.8 260
108.9 41
109 128
109.1 23
109.2 83
109.3 217
109.4 75
109.5 240
109.6 17
109.7 107
109.8 195
109.9 226
110 47
110.1 226
110.2 146
110.3 78
110.4 234
110.5 244
110.6 56
110.7 128
110.8 163
110.9 24
111 84
111.1 72
111.2 85
111.3 98
111.4 187
111.5 174
111.6 62
111.7 214
111.8 229
111.9 35
112 94
112.1 20
112.2 208
112.3 82
112.4 208
112.5 219
112.6 126
112.7 115
112.8 56
112.9 286
113 151
113.1 298
113.2 81
113.3 246
113.4 232
113.5 126
113.6 237
113.7 254
113.8 69
113.9 37
114 249
114.1 236
114.2 24
114.3 238
114.4 165
114.5 116
114.6 58
114.7 255
114.8 78
114.9 228
115 135
115.1 263
115.2 108
115.3 16
115.4 53
115.5 126
115.6 124
115.7 168
115.8 194
115.9 168
116 182
116.1 270
116.2 185
116.3 76
116.4 33
116.5 250
116.6 80
116.7 288
116.8 103
116.9 66
117 121
117.1 148
117.2 63
117.3 172
117.4 219
117.5 5
117.6 106
117.7 37
117.8 255
117.9 270
118 92
118.1 219
118.2 55
118.3 276
118.4 119
118.5 23
118.6 82
118.7 83
118.8 93
118.9 65
119 245
119.1 147
119.2 70
119.3 254
119.4 229
119.5 84
119.6 132
119.7 198
119.8 268
119.9 148
120 153
120.1 87
120.2 231
120.3 222
120.4 115
120.5 147
120.6 286
120.7 38
120.8 297
120.9 169
121 32
121.1 177
121.2 269
121.3 30
121.4 293
121.5 69
121.6 139
121.7 289
121.8 65
121.9 195
122 270
122.1 267
122.2 67
122.3 179
122.4 217
122.5 252
122.6 248
122.7 252
122.8 108
122.9 122
123 42
123.1 181
123.2 9
123.3 267
123.4 4
123.5 57
123.6 30
123.7 268
123.8 101
123.9 183
124 77
124.1 129
124.2 44
124.3 28
124.4 252
124.5 163
124.6 171
124.7 21
124.8 42
124.9 113
125 48
125.1 201
125.2 262
125.3 144
125.4 258
125.5 216
125.6 288
125.7 14
125.8 170
125.9 76
126 7
126.1 22
126.2 75
126.3 233
126.4 263
126.5 6
126.6 33
126.7 209
126.8 256
126.9 40
127 25
127.1 208
127.2 281
127.3 283
127.4 261
127.5 53
127.6 67
127.7 4
127.8 70
127.9 92
128 219
128.1 196
128.2 7
128.3 182
128.4 206
128.5 177
128.6 16
128.7 129
128.8 254
128.9 221
129 175
129.1 132
129.2 234
129.3 23
129.4 202
129.5 56
129.6 3
129.7 69
129.8 50
129.9 222
130 239
130.1 169
130.2 26
130.3 285
130.4 67
130.5 263
130.6 27
130.7 297
130.8 150
130.9 34
131 23
131.1 8
131.2 10
131.3 30
131.4 72
131.5 282
131.6 192
131.7 209
131.8 180
131.9 147
132 273
132.1 162
132.2 255
132.3 54
132.4 234
132.5 49
132.6 7
132.7 142
132.8 169
132.9 213
133 199
133.1 140
133.2 24
133.3 221
133.4 176
133.5 279
133.6 240
133.7 256
133.8 257
133.9 170
134 74
134.1 200
134.2 202
134.3 239
134.4 238
134.5 218
134.6 186
134.7 178
134.8 285
134.9 292
135 108
135.1 64
135.2 224
135.3 91
135.4 288
135.5 258
135.6 4
135.7 16
135.8 5
135.9 260
136 188
136.1 205
136.2 176
136.3 203
136.4 276
136.5 90
136.6 194
136.7 274
136.8 64
136.9 63
137 78
137.1 141
137.2 192
137.3 156
137.4 185
137.5 92
137.6 3
137.7 176
137.8 190
137.9 207
138 20
138.1 186
138.2 288
138.3 82
138.4 26
138.5 56
138.6 85
138.7 228
138.8 38
138.9 286
139 131
139.1 238
139.2 150
139.3 28
139.4 225
139.5 48
139.6 46
139.7 179
139.8 247
139.9 150
140 203
140.1 41
140.2 224
140.3 290
140.4 105
140.5 171
140.6 193
140.7 8
140.8 130
140.9 4
141 36
141.1 296
141.2 283
141.3 93
141.4 202
141.5 19
141.6 107
141.7 35
141.8 219
141.9 129
142 291
142.1 204
142.2 88
142.3 241
142.4 173
142.5 89
142.6 98
142.7 53
142.8 102
142.9 45
143 137
143.1 88
143.2 133
143.3 50
143.4 181
143.5 147
143.6 99
143.7 262
143.8 214
143.9 228
144 8
144.1 71
144.2 138
144.3 27
144.4 109
144.5 95
144.6 286
144.7 66
144.8 117
144.9 125
145 127
145.1 254
145.2 15
145.3 39
145.4 198
145.5 128
145.6 142
145.7 167
145.8 148
145.9 133
146 173
146.1 126
146.2 146
146.3 73
146.4 33
146.5 203
146.6 135
146.7 230
146.8 218
146.9 135
147 207
147.1 234
147.2 186
147.3 45
147.4 150
147.5 203
147.6 16
147.7 157
147.8 80
147.9 287
148 121
148.1 28
148.2 242
148.3 35
148.4 225
148.5 187
148.6 15
148.7 73
148.8 200
148.9 133
149 28
149.1 162
149.2 206
149.3 189
149.4 79
149.5 147
149.6 7
149.7 108
149.8 186
149.9 268
150 47
150.1 152
150.2 154
150.3 209
150.4 142
150.5 193
150.6 23
150.7 266
150.8 141
150.9 176
151 217
151.1 245
151.2 210
151.3 55
151.4 214
151.5 276
151.6 228
151.7 282
151.8 279
151.9 100
152 88
152.1 125
152.2 247
152.3 263
152.4 137
152.5 228
152.6 130
152.7 144
152.8 107
152.9 188
153 155
153.1 4
153.2 39
153.3 179
153.4 239
153.5 245
153.6 81
153.7 200
153.8 128
153.9 266
154 265
154.1 274
154.2 225
154.3 159
154.4 225
154.5 243
154.6 124
154.7 289
154.8 72
154.9 236
155 164
155.1 255
155.2 228
155.3 177
155.4 228
155.5 23
155.6 15
155.7 176
155.8 65
155.9 46
156 195
156.1 267
156.2 253
156.3 117
156.4 298
156.5 288
156.6 180
156.7 273
156.8 270
156.9 85
157 10
157.1 120
157.2 110
157.3 28
157.4 138
157.5 114
157.6 135
157.7 82
157.8 0
157.9 34
158 54
158.1 155
158.2 35
158.3 232
158.4 155
158.5 109
158.6 200
158.7 71
158.8 209
158.9 158
159 292
159.1 139
159.2 182
159.3 163
159.4 48
159.5 147
159.6 51
159.7 31
159.8 142
159.9 118
160 3
160.1 274
160.2 18
160.3 87
160.4 242
160.5 129
160.6 159
160.7 90
160.8 295
160.9 98
161 288
161.1 102
161.2 248
161.3 238
161.4 213
161.5 294
161.6 222
161.7 21
161.8 224
161.9 24
162 10
162.1 72
162.2 131
162.3 94
162.4 221
162.5 134
162.6 220
162.7 212
162.8 289
162.9 118
163 56
163.1 169
163.2 190
163.3 100
163.4 124
163.5 132
163.6 93
163.7 245
163.8 165
163.9 167
164 271
164.1 241
164.2 181
164.3 48
164.4 48
164.5 288
164.6 106
164.7 289
164.8 233
164.9 20
165 90
165.1 139
165.2 186
165.3 144
165.4 65
165.5 117
165.6 55
165.7 101
165.8 25
165.9 199
166 298
166.1 216
166.2 132
166.3 34
166.4 85
166.5 50
166.6 248
166.7 258
166.8 243
166.9 117
167 115
167.1 34
167.2 21
167.3 136
167.4 262
167.5 293
167.6 207
167.7 237
167.8 161
167.9 217
168 182
168.1 295
168.2 125
168.3 128
168.4 97
168.5 119
168.6 253
168.7 136
168.8 169
168.9 102
169 13
169.1 208
169.2 244
169.3 129
169.4 184
169.5 280
169.6 128
169.7 148
169.8 257
169.9 135
170 94
170.1 19
170.2 65
170.3 161
170.4 119
170.5 41
170.6 209
170.7 116
170.8 104
170.9 232
171 208
171.1 41
171.2 75
171.3 13
171.4 26
171.5 73
171.6 192
171.7 69
171.8 268
171.9 145
172 111
172.1 219
172.2 220
172.3 99
172.4 248
172.5 155
172.6 254
172.7 83
172.8 232
172.9 55
173 99
173.1 17
173.2 129
173.3 296
173.4 201
173.5 264
173.6 200
173.7 201
173.8 55
173.9 73
174 206
174.1 91
174.2 175
174.3 108
174.4 184
174.5 70
174.6 280
174.7 3
174.8 96
174.9 253
175 12
175.1 286
175.2 117
175.3 116
175.4 284
175.5 202
175.6 24
175.7 52
175.8 179
175.9 1
176 63
176.1 41
176.2 20
176.3 12
176.4 8
176.5 4
176.6 122
176.7 292
176.8 222
176.9 274
177 144
177.1 159
177.2 159
177.3 139
177.4 47
177.5 48
177.6 117
177.7 241
177.8 183
177.9 227
178 172
178.1 171
178.2 66
178.3 26
178.4 173
178.5 42
178.6 170
178.7 269
178.8 34
178.9 175
179 116
179.1 208
179.2 25
179.3 128
179.4 162
179.5 33
179.6 233
179.7 250
179.8 268
179.9 101
180 228
180.1 268
180.2 86
180.3 289
180.4 205
180.5 102
180.6 269
180.7 239
180.8 45
180.9 254
181 19
181.1 60
181.2 11
181.3 200
181.4 64
181.5 35
181.6 278
181.7 265
181.8 192
181.9 112
182 127
182.1 218
182.2 252
182.3 6
182.4 57
182.5 204
182.6 74
182.7 108
182.8 86
182.9 276
183 92
183.1 74
183.2 55
183.3 294
183.4 230
183.5 183
183.6 294
183.7 121
183.8 97
183.9 127
184 291
184.1 40
184.2 33
184.3 148
184.4 113
184.5 2
184.6 165
184.7 178
184.8 54
184.9 41
185 21
185.1 238
185.2 74
185.3 154
185.4 264
185.5 251
185.6 88
185.7 214
185.8 68
185.9 226
186 21
186.1 198
186.2 149
186.3 50
186.4 213
186.5 8
186.6 3
186.7 213
186.8 280
186.9 142
187 59
187.1 212
187.2 151
187.3 259
187.4 97
187.5 173
187.6 219
187.7 289
187.8 257
187.9 67
188 202
188.1 170
188.2 157
188.3 13
188.4 287
188.5 83
188.6 27
188.7 151
188.8 201
188.9 187
189 268
189.1 100
189.2 218
189.3 256
189.4 142
189.5 156
189.6 206
189.7 151
189.8 158
189.9 251
190 284
190.1 88
190.2 239
190.3 65
190.4 151
190.5 69
190.6 12
190.7 131
190.8 108
190.9 213
191 36
191.1 250
191.2 94
191.3 187
191.4 242
191.5 282
191.6 138
191.7 154
191.8 8
191.9 241
192 9
192.1 221
192.2 62
192.3 88
192.4 170
192.5 79
192.6 219
192.7 289
192.8 191
192.9 242
193 152
193.1 169
193.2 272
193.3 145
193.4 292
193.5 168
193.6 55
193.7 198
193.8 287
193.9 138
194 201
194.1 237
194.2 278
194.3 196
194.4 196
194.5 80
194.6 255
194.7 42
194.8 26
194.9 166
195 56
195.1 127
195.2 89
195.3 210
195.4 84
195.5 202
195.6 209
195.7 273
195.8 187
195.9 284
196 155
196.1 209
196.2 46
196.3 8
196.4 56
196.5 0
196.6 166
196.7 177
196.8 49
196.9 208
197 156
197.1 84
197.2 250
197.3 204
197.4 75
197.5 281
197.6 3
197.7 146
197.8 233
197.9 86
198 196
198.1 235
198.2 238
198.3 116
198.4 81
198.5 20
198.6 280
198.7 202
198.8 118
198.9 86
199 152
199.1 79
199.2 21
199.3 20
199.4 112
199.5 265
199.6 2
199.7 120
199.8 192
199.9 55
200 169
200.1 143
200.2 159
200.3 148
200.4 193
200.5 168
200.6 18
200.7 276
200.8 92
200.9 19
201 242
201.1 31
201.2 242
201.3 107
201.4 126
201.5 277
201.6 183
201.7 256
201.8 188
201.9 203
202 2
202.1 129
202.2 292
202.3 232
202.4 218
202.5 288
202.6 191
202.7 119
202.8 3
202.9 217
203 77
203.1 163
203.2 280
203.3 152
203.4 238
203.5 51
203.6 139
203.7 278
203.8 104
203.9 186
204 269
204.1 156
204.2 56
204.3 69
204.4 220
204.5 239
204.6 212
204.7 53
204.8 282
204.9 0
205 251
205.1 190
205.2 14
205.3 188
205.4 210
205.5 97
205.6 298
205.7 246
205.8 3
205.9 220
206 172
206.1 290
206.2 223
206.3 26
206.4 104
206.5 29
206.6 160
206.7 294
206.8 288
206.9 151
207 36
207.1 270
207.2 222
207.3 255
207.4 13
207.5 286
207.6 56
207.7 56
207.8 250
207.9 235
208 39
208.1 206
208.2 51
208.3 98
208.4 197
208.5 103
208.6 173
208.7 34
208.8 100
208.9 23
209 281
209.1 70
209.2 286
209.3 189
209.4 145
209.5 263
209.6 176
209.7 145
209.8 152
209.9 10
210 15
210.1 256
210.2 32
210.3 181
210.4 205
210.5 85
210.6 110
210.7 196
210.8 27
210.9 106
211 299
211.1 143
211.2 255
211.3 201
211.4 38
211.5 286
211.6 178
211.7 229
211.8 180
211.9 204
212 229
212.1 122
212.2 102
212.3 121
212.4 294
212.5 92
212.6 160
212.7 283
212.8 225
212.9 199
213 115
213.1 282
213.2 8
213.3 158
213.4 284
213.5 196
213.6 276
213.7 229
213.8 11
213.9 271
214 297
214.1 17
214.2 49
214.3 71
214.4 186
214.5 202
214.6 112
214.7 52
214.8 6
214.9 64
215 61
215.1 31
215.2 292
215.3 14
215.4 4
215.5 106
215.6 233
215.7 208
215.8 153
215.9 29
216 176
216.1 31
216.2 96
216.3 275
216.4 210
216.5 132
216.6 63
216.7 175
216.8 213
216.9 144
217 126
217.1 105
217.2 280
217.3 131
217.4 86
217.5 152
217.6 150
217.7 25
217.8 65
217.9 74
218 94
218.1 69
218.2 43
218.3 75
218.4 295
218.5 215
218.6 185
218.7 70
218.8 179
218.9 153
219 270
219.1 71
219.2 87
219.3 166
219.4 220
219.5 87
219.6 275
219.7 273
219.8 58
219.9 107
220 252
220.1 243
220.2 174
220.3 70
220.4 111
220.5 47
220.6 109
220.7 96
220.8 45
220.9 111
221 163
221.1 59
221.2 57
221.3 206
221.4 258
221.5 21
221.6 205
221.7 293
221.8 31
221.9 117
222 130
222.1 138
222.2 232
222.3 3
222.4 206
222.5 108
222.6 249
222.7 234
222.8 55
222.9 264
223 20
223.1 51
223.2 231
223.3 233
223.4 74
223.5 0
223.6 175
223.7 203
223.8 168
223.9 135
224 149
224.1 79
224.2 266
224.3 42
224.4 34
224.5 62
224.6 272
224.7 112
224.8 42
224.9 216
225 278
225.1 167
225.2 235
225.3 61
225.4 0
225.5 244
225.6 235
225.7 127
225.8 297
225.9 212
226 141
226.1 125
226.2 119
226.3 121
226.4 232
226.5 187
226.6 270
226.7 198
226.8 289
226.9 270
227 177
227.1 38
227.2 129
227.3 198
227.4 207
227.5 8
227.6 201
227.7 169
227.8 249
227.9 69
228 91
228.1 251
228.2 278
228.3 17
228.4 214
228.5 15
228.6 215
228.7 161
228.8 274
228.9 292
229 77
229.1 13
229.2 37
229.3 269
229.4 93
229.5 107
229.6 223
229.7 31
229.8 78
229.9 284
230 7
230.1 105
230.2 241
230.3 177
230.4 142
230.5 83
230.6 47
230.7 45
230.8 56
230.9 62
231 163
231.1 105
231.2 201
231.3 45
231.4 155
231.5 8
231.6 257
231.7 75
231.8 14
231.9 253
232 106
232.1 46
232.2 131
232.3 271
232.4 218
232.5 146
232.6 51
232.7 228
232.8 40
232.9 37
233 110
233.1 286
233.2 176
233.3 277
233.4 183
233.5 203
233.6 173
233.7 39
233.8 20
233.9 174
234 149
234.1 48
234.2 203
234.3 160
234.4 283
234.5 135
234.6 21
234.7 6
234.8 46
234.9 277
235 116
235.1 3
235.2 176
235.3 220
235.4 76
235.5 203
235.6 123
235.7 114
235.8 67
235.9 227
236 287
236.1 201
236.2 96
236.3 100
236.4 109
236.5 252
236.6 234
236.7 131
236.8 177
236.9 254
237 157
237.1 16
237.2 247
237.3 295
237.4 253
237.5 278
237.6 191
237.7 94
237.8 82
237.9 196
238 258
238.1 13
238.2 184
238.3 271
238.4 179
238.5 217
238.6 255
238.7 196
238.8 137
238.9 24
239 235
239.1 159
239.2 16
239.3 190
239.4 262
239.5 3
239.6 237
239.7 234
239.8 206
239.9 127
240 17
240.1 52
240.2 1
240.3 10
240.4 272
240.5 43
240.6 217
240.7 200
240.8 285
240.9 145
241 43
241.1 126
241.2 149
241.3 37
241.4 49
241.5 217
241.6 251
241.7 6
241.8 251
241.9 158
242 130
242.1 263
242.2 237
242.3 32
242.4 2
242.5 242
242.6 91
242.7 207
242.8 297
242.9 210
243 219
243.1 24
243.2 266
243.3 299
243.4 136
243.5 192
243.6 27
243.7 116
243.8 100
243.9 7
244 181
244.1 170
244.2 106
244.3 264
244.4 30
244.5 2
244.6 174
244.7 200
244.8 274
244.9 249
245 87
245.1 22
245.2 178
245.3 119
245.4 288
245.5 5
245.6 159
245.7 162
245.8 146
245.9 163
246 204
246.1 72
246.2 161
246.3 70
246.4 148
246.5 119
246.6 197
246.7 31
246.8 276
246.9 95
247 147
247.1 67
247.2 295
247.3 28
247.4 256
247.5 292
247.6 153
247.7 39
247.8 98
247.9 85
248 170
248.1 10
248.2 55
248.3 2
248.4 288
248.5 217
248.6 10
248.7 122
248.8 185
248.9 177
249 135
249.1 259
249.2 12
249.3 158
249.4 147
249.5 269
249.6 176
249.7 140
249.8 75
249.9 67
250 194
250.1 108
250.2 249
250.3 5
250.4 177
250.5 227
250.6 92
250.7 245
250.8 175
250.9 205
251 156
251.1 236
251.2 7
251.3 67
251.4 38
251.5 206
251.6 161
251.7 165
251.8 61
251.9 131
252 272
252.1 239
252.2 66
252.3 16
252.4 196
252.5 185
252.6 63
252.7 133
252.8 293
252.9 10
253 219
253.1 16
253.2 273
253.3 69
253.4 270
253.5 119
253.6 268
253.7 269
253.8 243
253.9 166
254 223
254.1 152
254.2 178
254.3 177
254.4 261
254.5 148
254.6 198
254.7 75
254.8 146
254.9 224
255 254
255.1 36
255.2 282
255.3 205
255.4 4
255.5 4
255.6 62
255.7 137
255.8 138
255.9 100
256 173
256.1 261
256.2 204
256.3 6
256.4 197
256.5 205
256.6 230
256.7 213
256.8 260
256.9 190
257 101
257.1 31
257.2 82
257.3 13
257.4 41
257.5 219
257.6 261
257.7 251
257.8 12
257.9 128
258 145
258.1 213
258.2 29
258.3 273
258.4 55
258.5 126
258.6 135
258.7 43
258.8 55
258.9 131
259 270
259.1 74
259.2 273
259.3 177
259.4 160
259.5 203
259.6 202
259.7 2
259.8 273
259.9 59
260 76
260.1 145
260.2 57
260.3 226
260.4 115
260.5 226
260.6 59
260.7 0
260.8 64
260.9 185
261 53
261.1 278
261.2 24
261.3 102
261.4 209
261.5 178
261.6 78
261.7 26
261.8 294
261.9 236
262 94
262.1 114
262.2 107
262.3 293
262.4 207
262.5 62
262.6 96
262.7 241
262.8 174
262.9 55
263 297
263.1 267
263.2 130
263.3 155
263.4 245
263.5 159
263.6 9
263.7 19
263.8 103
263.9 46
264 106
264.1 214
264.2 41
264.3 60
264.4 245
264.5 140
264.6 73
264.7 101
264.8 55
264.9 55
265 217
265.1 190
265.2 2
265.3 193
265.4 190
265.5 20
265.6 93
265.7 293
265.8 15
265.9 116
266 25
266.1 102
266.2 276
266.3 225
266.4 127
266.5 204
266.6 273
266.7 143
266.8 45
266.9 238
267 108
267.1 150
267.2 202
267.3 135
267.4 273
267.5 92
267.6 36
267.7 216
267.8 48
267.9 85
268 241
268.1 295
268.2 62
268.3 279
268.4 220
268.5 209
268.6 64
268.7 214
268.8 223
268.9 43
269 2
269.1 120
269.2 121
269.3 116
269.4 81
269.5 123
269.6 211
269.7 240
269.8 138
269.9 267
270 42
270.1 145
270.2 233
270.3 150
270.4 149
270.5 157
270.6 82
270.7 33
270.8 133
270.9 85
271 135
271.1 51
271.2 7
271.3 134
271.4 114
271.5 82
271.6 112
271.7 161
271.8 210
271.9 34
272 260
272.1 203
272.2 230
272.3 97
272.4 298
272.5 186
272.6 151
272.7 45
272.8 231
272.9 131
273 171
273.1 21
273.2 203
273.3 151
273.4 147
273.5 73
273.6 289
273.7 67
273.8 166
273.9 148
274 111
274.1 258
274.2 87
274.3 204
274.4 57
274.5 53
274.6 76
274.7 181
274.8 228
274.9 178
275 16
275.1 116
275.2 81
275.3 218
275.4 120
275.5 142
275.6 108
275.7 265
275.8 217
275.9 160
276 228
276.1 73
276.2 51
276.3 192
276.4 223
276.5 206
276.6 121
276.7 153
276.8 273
276.9 147
277 297
277.1 229
277.2 163
277.3 36
277.4 224
277.5 105
277.6 274
277.7 130
277.8 236
277.9 254
278 107
278.1 36
278.2 144
278.3 266
278.4 204
278.5 174
278.6 176
278.7 288
278.8 211
278.9 88
279 89
279.1 196
279.2 173
279.3 60
279.4 296
279.5 225
279.6 139
279.7 77
279.8 261
279.9 157
280 226
280.1 253
280.2 92
280.3 207
280.4 130
280.5 138
280.6 208
280.7 216
280.8 38
280.9 52
281 73
281.1 203
281.2 67
281.3 117
281.4 197
281.5 146
281.6 168
281.7 287
281.8 29
281.9 215
282 135
282.1 68
282.2 96
282.3 195
282.4 276
282.5 35
282.6 271
282.7 60
282.8 40
282.9 120
283 2
283.1 217
283.2 97
283.3 262
283.4 130
283.5 69
283.6 56
283.7 108
283.8 229
283.9 45
284 32
284.1 172
284.2 186
284.3 3
284.4 46
284.5 213
284.6 285
284.7 155
284.8 96
284.9 246
285 112
285.1 261
285.2 253
285.3 41
285.4 272
285.5 217
285.6 169
285.7 162
285.8 202
285.9 83
286 3
286.1 166
286.2 261
286.3 111
286.4 40
286.5 224
286.6 146
286.7 52
286.8 277
286.9 148
287 294
287.1 204
287.2 283
287.3 247
287.4 94
287.5 218
287.6 160
287.7 20
287.8 266
287.9 107
288 104
288.1 199
288.2 271
288.3 121
288.4 128
288.5 251
288.6 52
288.7 284
288.8 291
288.9 108
289 238
289.1 224
289.2 246
289.3 147
289.4 198
289.5 26
289.6 235
289.7 229
289.8 98
289.9 276
290 113
290.1 50
290.2 27
290.3 148
290.4 145
290.5 119
290.6 233
290.7 123
290.8 210
290.9 205
291 114
291.1 15
291.2 79
291.3 20
291.4 87
291.5 253
291.6 186
291.7 10
291.8 192
291.9 193
292 118
292.1 242
292.2 100
292.3 63
292.4 123
292.5 237
292.6 59
292.7 88
292.8 127
292.9 61
293 277
293.1 175
293.2 169
293.3 148
293.4 88
293.5 243
293.6 53
293.7 287
293.8 168
293.9 115
294 31
294.1 193
294.2 63
294.3 127
294.4 88
294.5 196
294.6 20
294.7 219
294.8 150
294.9 242
295 129
295.1 0
295.2 4
295.3 47
295.4 180
295.5 116
295.6 226
295.7 111
295.8 163
295.9 103
296 130
296.1 182
296.2 201
296.3 105
296.4 276
296.5 218
296.6 295
296.7 141
296.8 64
296.9 191
297 270
297.1 6
297.2 170
297.3 36
297.4 27
297.5 57
297.6 269
297.7 286
297.8 101
297.9 283
298 246
298.1 83
298.2 285
298.3 26
298.4 110
298.5 168
298.6 186
298.7 204
298.8 175
298.9 96
299 179
299.1 85
299.2 155
299.3 46
299.4 106
299.5 258
299.6 112
299.7 42
299.8 80
299.9 23
300 128
300.1 46
300.2 244
300.3 240
300.4 27
300.5 177
300.6 1
300.7 3
300.8 137
300.9 181
301 123
301.1 102
301.2 63
301.3 207
301.4 39
301.5 71
301.6 287
301.7 33
301.8 217
301.9 160
302 88
302.1 221
302.2 267
302.3 127
302.4 11
302.5 294
302.6 68
302.7 149
302.8 38
302.9 84
303 99
303.1 262
303.2 141
303.3 164
303.4 121
303.5 88
303.6 234
303.7 225
303.8 69
303.9 218
304 116
304.1 220
304.2 158
304.3 82
304.4 212
304.5 98
304.6 271
304.7 207
304.8 113
304.9 95
305 219
305.1 198
305.2 50
305.3 217
305.4 112
305.5 94
305.6 19
305.7 36
305.8 247
305.9 293
306 7
306.1 195
306.2 11
306.3 296
306.4 232
306.5 195
306.6 123
306.7 299
306.8 123
306.9 237
307 255
307.1 181
307.2 159
307.3 77
307.4 68
307.5 119
307.6 4
307.7 102
307.8 7
307.9 61
308 117
308.1 151
308.2 138
308.3 108
308.4 5
308.5 181
308.6 124
308.7 115
308.8 191
308.9 238
309 236
309.1 144
309.2 283
309.3 222
309.4 111
309.5 222
309.6 170
309.7 155
309.8 255
309.9 297
310 164
310.1 254
310.2 98
310.3 133
310.4 51
310.5 90
310.6 129
310.7 208
310.8 184
310.9 64
311 65
311.1 227
311.2 202
311.3 53
311.4 29
311.5 229
311.6 17
311.7 121
311.8 298
311.9 277
312 150
312.1 19
312.2 241
312.3 23
312.4 84
312.5 168
312.6 164
312.7 270
312.8 221
312.9 181
313 259
313.1 127
313.2 135
313.3 92
313.4 104
313.5 40
313.6 170
313.7 139
313.8 140
313.9 104
314 78
314.1 147
314.2 266
314.3 244
314.4 240
314.5 98
314.6 68
314.7 98
314.8 292
314.9 129
315 157
315.1 203
315.2 28
315.3 74
315.4 41
315.5 154
315.6 27
315.7 261
315.8 167
315.9 240
316 74
316.1 135
316.2 266
316.3 293
316.4 255
316.5 95
316.6 249
316.7 238
316.8 190
316.9 134
317 190
317.1 91
317.2 115
317.3 202
317.4 206
317.5 260
317.6 249
317.7 28
317.8 128
317.9 17
318 249
318.1 246
318.2 216
318.3 143
318.4 229
318.5 44
318.6 18
318.7 212
318.8 226
318.9 167
319 70
319.1 172
319.2 296
319.3 132
319.4 295
319.5 56
319.6 77
319.7 34
319.8 120
319.9 93
320 53
320.1 28
320.2 105
320.3 40
320.4 105
320.5 78
320.6 226
320.7 23
320.8 89
320.9 254
321 176
321.1 143
321.2 205
321.3 225
321.4 23
321.5 223
321.6 102
321.7 124
321.8 115
321.9 172
322 1
322.1 60
322.2 242
322.3 183
322.4 70
322.5 203
322.6 267
322.7 72
322.8 7
322.9 66
323 259
323.1 239
323.2 153
323.3 279
323.4 79
323.5 236
323.6 228
323.7 222
323.8 38
323.9 93
324 260
324.1 230
324.2 100
324.3 109
324.4 60
324.5 139
324.6 14
324.7 197
324.8 138
324.9 274
325 88
325.1 44
325.2 193
325.3 297
325.4 64
325.5 175
325.6 251
325.7 221
325.8 12
325.9 146
326 248
326.1 59
326.2 77
326.3 0
326.4 114
326.5 273
326.6 68
326.7 23
326.8 183
326.9 296
327 129
327.1 276
327.2 36
327.3 24
327.4 120
327.5 255
327.6 22
327.7 100
327.8 110
327.9 147
328 126
328.1 25
328.2 13
328.3 62
328.4 26
328.5 82
328.6 258
328.7 19
328.8 204
328.9 1
329 206
329.1 135
329.2 262
329.3 63
329.4 83
329.5 183
329.6 244
329.7 289
329.8 259
329.9 124
330 75
330.1 8
330.2 150
330.3 84
330.4 17
330.5 222
330.6 242
330.7 235
330.8 104
330.9 108
331 226
331.1 278
331.2 67
331.3 246
331.4 100
331.5 179
331.6 204
331.7 164
331.8 126
331.9 240
332 73
332.1 56
332.2 115
332.3 78
332.4 84
332.5 114
332.6 139
332.7 281
332.8 70
332.9 12
333 192
333.1 167
333.2 78
333.3 267
333.4 6
333.5 260
333.6 164
333.7 99
333.8 222
333.9 86
334 139
334.1 163
334.2 136
334.3 27
334.4 255
334.5 298
334.6 194
334.7 210
334.8 37
334.9 293
335 32
335.1 288
335.2 225
335.3 272
335.4 90
335.5 261
335.6 150
335.7 10
335.8 69
335.9 277
336 139
336.1 94
336.2 153
336.3 60
336.4 6
336.5 29
336.6 154
336.7 101
336.8 239
336.9 275
337 23
337.1 290
337.2 175
337.3 182
337.4 201
337.5 92
337.6 61
337.7 219
337.8 268
337.9 112
338 263
338.1 164
338.2 184
338.3 214
338.4 256
338.5 182
338.6 94
338.7 147
338.8 137
338.9 257
339 154
339.1 3
339.2 235
339.3 242
339.4 287
339.5 195
339.6 228
339.7 283
339.8 285
339.9 165
340 274
340.1 105
340.2 288
340.3 243
340.4 164
340.5 132
340.6 210
340.7 52
340.8 37
340.9 7
341 131
341.1 77
341.2 161
341.3 276
341.4 217
341.5 116
341.6 49
341.7 82
341.8 119
341.9 90
342 231
342.1 123
342.2 44
342.3 141
342.4 285
342.5 245
342.6 78
342.7 188
342.8 243
342.9 130
343 194
343.1 154
343.2 176
343.3 10
343.4 134
343.5 275
343.6 58
343.7 231
343.8 99
343.9 120
344 271
344.1 81
344.2 44
344.3 38
344.4 237
344.5 210
344.6 130
344.7 95
344.8 295
344.9 5
345 207
345.1 91
345.2 218
345.3 204
345.4 101
345.5 199
345.6 141
345.7 6
345.8 155
345.9 267
346 169
346.1 271
346.2 170
346.3 282
346.4 60
346.5 32
346.6 269
346.7 173
346.8 107
346.9 252
347 240
347.1 242
347.2 51
347.3 125
347.4 119
347.5 191
347.6 197
347.7 24
347.8 160
347.9 176
348 91
348.1 173
348.2 53
348.3 2
348.4 24
348.5 124
348.6 180
348.7 135
348.8 167
348.9 183
349 108
349.1 269
349.2 49
349.3 129
349.4 199
349.5 13
349.6 107
349.7 291
349.8 207
349.9 130
350 115
350.1 146
350.2 253
350.3 35
350.4 206
350.5 281
350.6 243
350.7 206
350.8 107
350.9 81
351 30
351.1 110
351.2 128
351.3 1
351.4 113
351.5 219
351.6 117
351.7 154
351.8 7
351.9 278
352 134
352.1 299
352.2 180
352.3 123
352.4 183
352.5 175
352.6 81
352.7 45
352.8 284
352.9 117
353 216
353.1 201
353.2 263
353.3 152
353.4 64
353.5 282
353.6 232
353.7 72
353.8 78
353.9 224
354 244
354.1 186
354.2 91
354.3 192
354.4 231
354.5 176
354.6 61
354.7 275
354.8 259
354.9 276
355 104
355.1 186
355.2 254
355.3 17
355.4 276
355.5 32
355.6 28
355.7 119
355.8 208
355.9 236
356 241
356.1 241
356.2 132
356.3 143
356.4 152
356.5 138
356.6 257
356.7 38
356.8 275
356.9 257
357 255
357.1 23
357.2 280
357.3 11
357.4 104
357.5 229
357.6 164
357.7 240
357.8 267
357.9 25
358 187
358.1 296
358.2 141
358.3 108
358.4 116
358.5 223
358.6 289
358.7 34
358.8 155
358.9 13
359 164
359.1 180
359.2 110
359.3 172
359.4 108
359.5 50
359.6 270
359.7 284
359.8 61
359.9 293
