0.41 141.25
1.39 140.50
2.38 139.25
3.36 139.00
4.34 138.00
5.33 137.25
6.17 136.25
7.16 136.00
8.16 135.25
9.14 135.00
10.12 134.50
11.11 134.25
12.09 133.75
13.09 133.75
14.08 133.50
15.06 133.00
16.05 133.00
17.03 132.50
18.03 132.50
19.02 132.50
20.00 132.75
20.98 132.75
21.97 133.00
22.95 133.50
23.77 133.75
24.75 133.75
25.72 134.00
26.70 134.00
27.92 134.25
28.66 134.50
29.64 135.25
30.62 135.25
31.59 135.75
32.58 136.50
33.56 137.50
34.55 138.00
35.52 139.00
36.50 139.00
37.48 140.75
38.45 141.50
39.42 142.50
40.41 144.50
41.88 124.00
42.86 122.75
43.55 0.00
44.53 0.00
45.52 0.00
46.12 151.00
46.48 0.00
48.02 154.00
48.30 151.50
49.75 155.50
50.36 157.50
51.34 158.75
51.98 160.25
54.17 162.00
54.53 165.75
55.16 164.00
57.11 168.00
57.97 172.50
58.09 170.00
59.27 174.75
59.62 176.50
60.73 182.50
62.02 179.00
62.48 184.75
63.94 187.25
64.97 187.75
65.77 192.25
66.36 188.00
68.47 195.75
69.00 205.00
69.08 199.00
69.92 214.00
70.27 208.50
70.67 220.75
75.02 0.00
76.00 0.00
76.98 0.00
77.97 0.00
78.95 0.00
79.94 0.00
80.92 0.00
81.91 0.00
82.89 0.00
83.12 2613.75
83.88 0.00
84.11 2635.25
84.86 0.00
85.84 0.00
86.66 1055.25
86.81 0.00
87.64 1027.75
87.80 0.00
88.61 1015.50
88.78 0.00
89.66 1011.00
89.77 0.00
90.62 1010.50
91.61 1015.25
92.64 1026.50
92.72 0.00
93.70 961.75
94.64 951.75
95.66 941.25
96.70 940.00
97.62 943.50
98.58 952.00
100.55 994.25
101.50 979.75
102.55 967.00
103.55 954.75
104.48 901.25
105.48 906.25
106.45 901.25
106.48 0.00
107.47 893.50
108.45 883.75
109.39 901.25
110.47 883.50
111.44 866.75
112.41 866.50
113.53 854.75
114.45 850.50
115.48 855.00
116.52 852.00
117.47 845.75
118.52 845.75
119.39 844.00
120.75 694.00
121.64 689.25
122.66 683.50
123.72 684.75
127.89 1225.50
128.86 1221.00
130.45 2366.00
131.08 0.00
131.45 2367.50
132.06 0.00
132.41 2383.00
133.05 0.00
133.41 2415.25
134.03 0.00
134.36 2416.00
135.38 2434.00
136.36 2450.50
136.98 0.00
137.34 2469.50
138.36 2487.50
146.81 0.00
147.80 0.00
148.78 0.00
149.77 0.00
149.91 967.25
150.75 0.00
151.73 0.00
152.58 601.25
152.72 0.00
153.47 589.75
153.70 0.00
154.58 584.25
154.69 0.00
155.58 568.50
155.67 0.00
156.53 554.00
157.64 0.00
157.69 544.75
158.61 544.00
159.72 535.00
160.64 532.50
161.69 533.25
162.50 532.50
163.59 533.25
164.56 533.50
165.38 543.00
166.50 544.75
167.30 553.25
168.44 557.75
169.19 564.25
170.30 571.25
171.16 580.50
172.19 591.25
173.17 608.00
174.08 631.50
174.94 672.25
175.78 726.25
177.06 1341.75
178.03 1327.00
178.97 1320.25
180.03 1309.25
181.00 1296.25
182.03 1288.00
182.98 1282.50
183.22 0.00
184.00 1269.50
185.06 1283.00
187.03 1253.00
187.11 560.50
189.09 1241.00
191.05 1232.50
191.58 463.25
191.98 1225.75
194.00 1217.50
194.97 1213.00
195.02 0.00
195.94 1209.75
197.97 1205.25
198.94 1221.00
199.94 0.00
202.33 337.50
203.02 339.25
203.88 0.00
204.06 338.25
205.27 338.00
206.45 337.75
207.00 337.75
208.05 338.75
208.95 339.00
212.48 450.00
214.11 340.00
214.69 0.00
214.88 341.50
215.67 0.00
215.88 340.75
216.66 0.00
217.83 377.25
218.55 379.00
221.58 0.00
224.53 0.00
225.52 0.00
226.48 0.00
227.47 0.00
228.45 0.00
229.44 0.00
230.42 0.00
231.41 0.00
232.39 0.00
233.38 0.00
234.36 0.00
235.34 0.00
236.33 0.00
237.31 0.00
238.30 0.00
239.28 0.00
240.27 0.00
241.25 0.00
242.23 0.00
243.22 0.00
244.20 0.00
245.19 0.00
246.17 0.00
247.14 0.00
248.12 0.00
248.53 240.50
249.11 0.00
250.09 0.00
252.06 0.00
253.05 0.00
254.03 0.00
255.02 0.00
256.00 0.00
256.98 0.00
257.97 0.00
258.95 0.00
259.94 0.00
260.58 906.00
260.92 0.00
261.61 877.25
261.91 0.00
262.52 875.25
262.89 0.00
263.50 857.75
263.88 0.00
264.52 862.25
264.86 0.00
265.61 836.00
265.84 0.00
266.59 794.25
267.59 790.25
268.59 773.25
270.08 560.00
271.30 551.25
272.27 547.25
273.28 546.00
274.05 546.75
275.12 551.50
276.02 562.25
277.67 722.50
278.58 728.75
279.66 734.00
280.56 740.25
281.44 740.00
282.55 735.25
282.56 0.00
283.53 720.75
284.52 728.25
285.44 741.25
289.38 2452.25
292.39 0.00
293.38 0.00
294.36 0.00
295.34 0.00
297.31 0.00
298.30 0.00
299.28 0.00
300.27 0.00
301.25 0.00
302.23 0.00
303.11 743.75
303.22 0.00
304.20 0.00
304.23 732.50
305.11 731.50
305.19 0.00
305.94 733.25
306.17 0.00
306.97 735.00
307.14 0.00
307.88 739.25
308.12 0.00
308.88 745.75
309.73 749.00
310.83 750.75
311.78 756.75
312.70 757.75
313.67 756.00
314.69 758.50
315.66 754.25
316.58 753.25
317.62 753.50
318.67 750.75
319.61 757.75
320.56 771.50
321.45 794.75
322.45 820.00
323.31 844.00
324.33 853.00
325.27 852.50
326.20 869.00
327.22 871.25
328.22 875.00
329.22 881.00
330.12 914.25
337.64 0.00
338.62 0.00
339.61 0.00
340.59 0.00
341.58 0.00
342.56 0.00
343.50 165.75
343.55 0.00
344.56 164.25
346.52 159.00
346.53 162.00
348.48 158.25
349.44 0.00
350.42 0.00
351.41 0.00
352.39 0.00
353.38 0.00
354.36 139.25
355.34 138.25
356.33 143.75
356.97 146.00
358.28 144.00
359.27 142.75
